   4.5736190e-03   1.2972136e+02   8.8090228e+00
   5.0441366e-03   1.1711014e+02   6.8080905e+00
   5.5146545e-03   1.0497263e+02   5.4459851e+00
   5.9851720e-03   9.0883486e+01   4.4829781e+00
   6.4556904e-03   7.9033203e+01   3.7909323e+00
   6.9262080e-03   6.8434763e+01   3.2510595e+00
   7.3967256e-03   5.9039385e+01   2.8079479e+00
   7.8672430e-03   5.1436094e+01   2.4458200e+00
   8.3377615e-03   4.4387379e+01   2.1680445e+00
   8.8082790e-03   3.8365303e+01   1.9398941e+00
   9.2787966e-03   3.3907155e+01   1.7477446e+00
   9.7493150e-03   2.9787211e+01   1.5817726e+00
   1.0219833e-02   2.5705428e+01   1.4424549e+00
   1.0690350e-02   2.2529439e+01   1.3251984e+00
   1.1160868e-02   1.9939351e+01   1.2251498e+00
   1.1631386e-02   1.7909567e+01   1.1374025e+00
   1.2101904e-02   1.5776745e+01   1.0629858e+00
   1.2572421e-02   1.4266791e+01   9.9786088e-01
   1.3042939e-02   1.2717062e+01   9.3849249e-01
   1.3513458e-02   1.1514652e+01   8.8592745e-01
   1.3983975e-02   1.0426602e+01   8.3924308e-01
   1.4454493e-02   9.7113278e+00   8.0050444e-01
   1.4925010e-02   8.9951132e+00   7.6457900e-01
   1.5395528e-02   8.1093154e+00   7.2914845e-01
   1.5866046e-02   7.8125161e+00   6.9889650e-01
   1.6336565e-02   7.2898929e+00   6.7228011e-01
   1.6807082e-02   6.5226731e+00   6.4717641e-01
   1.7277600e-02   6.0551553e+00   6.2413808e-01
   1.7748117e-02   5.7423443e+00   6.0294155e-01
   1.8218635e-02   5.2727796e+00   5.8377258e-01
   1.8689153e-02   4.8998765e+00   5.6663094e-01
   1.9159670e-02   4.6823479e+00   5.5077939e-01
   1.9630189e-02   4.5325519e+00   5.3538255e-01
   2.0100707e-02   4.3371201e+00   5.2200260e-01
   2.0571224e-02   4.1420770e+00   5.0968241e-01
   2.1041742e-02   3.9995117e+00   4.9851836e-01
   2.1512260e-02   3.7080391e+00   4.8602090e-01
   2.1982777e-02   3.5716612e+00   4.7577573e-01
   2.2453296e-02   3.3917660e+00   4.6601623e-01
   2.2923814e-02   3.2610792e+00   4.5710266e-01
   2.3394331e-02   3.1626748e+00   4.4803088e-01
   2.3864849e-02   2.9957631e+00   4.3972172e-01
   2.4335366e-02   2.8319793e+00   4.3192002e-01
   2.4805884e-02   2.6806836e+00   4.2442867e-01
   2.5276402e-02   2.5386333e+00   4.1682680e-01
   2.5746920e-02   2.4302609e+00   4.0990642e-01
   2.6217437e-02   2.3819274e+00   4.0393918e-01
   2.6687956e-02   2.2578138e+00   3.9785520e-01
   2.7158475e-02   2.2141848e+00   3.9202750e-01
   2.7628990e-02   2.1809286e+00   3.8635690e-01
   2.8099510e-02   1.9430559e+00   3.8064450e-01
   2.8570026e-02   1.9226363e+00   3.7624017e-01
   2.9040545e-02   1.8360877e+00   3.7142399e-01
   2.9511060e-02   1.7339009e+00   3.6626458e-01
   2.9981580e-02   1.6546551e+00   3.6185108e-01
   3.0452100e-02   1.6692934e+00   3.5789305e-01
   3.0922616e-02   1.6726132e+00   3.5407340e-01
   3.1393135e-02   1.5269339e+00   3.4925863e-01
   3.1863650e-02   1.4010162e+00   3.4515126e-01
   3.2334170e-02   1.3697554e+00   3.4162737e-01
   3.2804686e-02   1.4121595e+00   3.3830153e-01
   3.3275205e-02   1.2809515e+00   3.3421576e-01
   3.3745724e-02   1.2826077e+00   3.3130906e-01
   3.4216240e-02   1.1742848e+00   3.3091915e-01
   3.4686760e-02   1.2151662e+00   3.3520392e-01
   3.5157275e-02   1.0578877e+00   3.4108824e-01
   3.5627794e-02   1.0684283e+00   3.4713658e-01
   3.6098313e-02   1.0763501e+00   3.5106783e-01
   3.6568830e-02   1.0208797e+00   3.5395223e-01
   3.7039348e-02   1.0128104e+00   3.5634658e-01
   3.7509865e-02   9.4551923e-01   3.5767227e-01
   3.7980384e-02   7.5978163e-01   3.5880494e-01
   3.8450900e-02   7.6698315e-01   3.6035474e-01
   3.8921420e-02   7.9645920e-01   3.6197139e-01
   3.9391938e-02   7.9354489e-01   3.6292496e-01
   3.9862454e-02   7.0066342e-01   3.6695584e-01
   4.0332973e-02   7.6177474e-01   3.7943995e-01
   4.0803490e-02   7.0463390e-01   3.8804144e-01
   4.1274008e-02   4.4905472e-01   3.9537591e-01
   4.1744524e-02   5.4559646e-01   4.0297666e-01
   4.2215043e-02   5.3798626e-01   4.1030197e-01
   4.2685562e-02   5.6086780e-01   4.1744077e-01
   4.3156078e-02   4.6016188e-01   4.2311557e-01
   4.3626598e-02   5.4320292e-01   4.2893317e-01
   4.4097114e-02   4.1368632e-01   4.3392518e-01
   4.4567633e-02   3.7105511e-01   4.3829369e-01
   4.5038150e-02   2.9748609e-01   4.4113744e-01
   4.5508668e-02   3.4280654e-01   4.4456406e-01
   4.5979187e-02   3.7696678e-01   4.4808267e-01
   4.6449703e-02   3.8150874e-01   4.4170867e-01
   4.6920222e-02   4.1863755e-01   4.2674600e-01
   4.7390738e-02   3.5878458e-01   4.1800600e-01
   4.7861257e-02   2.7302170e-01   4.1227320e-01
   4.8331776e-02   3.9265971e-01   4.0887013e-01
   4.8802292e-02   3.8308654e-01   4.0513410e-01
   4.9272810e-02   3.3333280e-01   4.0158391e-01
   4.9743327e-02   3.5128636e-01   3.9897978e-01
   5.0213844e-02   3.0434750e-01   3.9645736e-01
   5.0684360e-02   2.6881027e-01   3.9398780e-01
   5.1154880e-02   3.7417566e-01   3.9180345e-01
   5.1625400e-02   2.7287120e-01   3.8959185e-01
   5.2095920e-02   1.6362061e-01   3.8737035e-01
   5.2566430e-02   2.6921635e-01   3.8578981e-01
   5.3036950e-02   1.6327372e-01   3.8319558e-01
   5.3507470e-02   2.1523937e-01   3.8057133e-01
   5.3977990e-02   1.8201607e-01   3.7772556e-01
   5.4448510e-02   2.2312177e-01   3.7511539e-01
   5.4919020e-02   1.8265262e-01   3.7214573e-01
   5.5389540e-02   2.7367586e-01   3.6992143e-01
   5.5860060e-02   1.5661301e-01   3.6700649e-01
   5.6330580e-02   1.0173490e-01   3.6450601e-01
   5.6801090e-02   1.5451776e-01   3.6208618e-01
   5.7271610e-02   2.4103940e-01   3.6019999e-01
   5.7742130e-02   1.2469999e-01   3.5785859e-01
   5.8212650e-02   7.8060519e-02   3.5583485e-01
   5.8683170e-02   1.5314939e-01   3.5481052e-01
   5.9153680e-02   1.4512832e-02   3.5310086e-01
   5.9624200e-02   1.4997162e-01   3.5318705e-01
   6.0094720e-02   1.3757779e-01   3.5199442e-01
   6.0565240e-02   7.6299974e-02   3.5053508e-01
   6.1035760e-02   1.9172115e-01   3.4987799e-01
   6.1506270e-02   1.0544660e-01   3.4863315e-01
   6.1976790e-02   7.2866258e-02   3.4763868e-01
   6.2447310e-02   1.3909937e-01   3.4696821e-01
   6.2917830e-02   9.7505999e-02   3.4562851e-01
   6.3388340e-02   7.5731832e-02   3.4460918e-01
   6.3858860e-02   3.2702047e-02   3.4358757e-01
   6.4329380e-02   7.1426882e-02   3.4295329e-01
   6.4799900e-02   6.1170640e-02   3.4187084e-01
   6.5270420e-02   1.2859714e-02   3.4070069e-01
   6.5740930e-02   3.0360806e-02   3.4003482e-01
   6.6211450e-02   1.4008971e-01   3.3964398e-01
   6.6681970e-02   5.4265791e-02   3.3840148e-01
   6.7152490e-02   1.3731987e-01   3.3770461e-01
   6.7623010e-02   1.5078871e-01   3.3694959e-01
   6.8093520e-02   6.6862661e-02   3.3598219e-01
   6.8564040e-02   2.3081379e-02   3.3476587e-01
   6.9034560e-02   9.9479920e-02   3.3404999e-01
   6.9505080e-02   8.3349164e-02   3.3334166e-01
   6.9975597e-02   5.3412406e-02   3.3247140e-01
   7.0446110e-02   3.0297063e-02   3.3173531e-01
   7.0916630e-02   1.1648572e-01   3.3085886e-01
   7.1387150e-02   8.8556351e-02   3.3007539e-01
   7.1857667e-02  -3.5755650e-02   3.2885867e-01
   7.2328180e-02   6.5721449e-02   3.2853561e-01
   7.2798700e-02   7.6846093e-02   3.2751404e-01
   7.3269220e-02   7.2268455e-02   3.2684953e-01
   7.3739740e-02   5.7392490e-02   3.2611060e-01
   7.4210256e-02   5.9463993e-02   3.2541458e-01
   7.4680770e-02  -2.7781334e-02   3.2425138e-01
   7.5151290e-02   6.5723297e-02   3.2376563e-01
   7.5621810e-02   4.5684065e-03   3.2293979e-01
   7.6092327e-02  -2.8831753e-04   3.2214752e-01
   7.6562846e-02  -2.6028537e-03   3.2128543e-01
   7.7033360e-02   2.5288736e-02   3.2063501e-01
   7.7503880e-02   9.4497803e-02   3.2037497e-01
   7.7974397e-02   4.4004255e-02   3.1976056e-01
   7.8444916e-02   3.0173025e-02   3.1876655e-01
   7.8915435e-02  -3.7174472e-02   3.1743940e-01
   7.9385950e-02  -4.0220076e-02   3.1686830e-01
   7.9856470e-02   2.5631073e-02   3.1630603e-01
   8.0326986e-02  -1.8242865e-03   3.1560937e-01
   8.0797505e-02   8.5473705e-02   3.1524772e-01
   8.1268020e-02   8.1637844e-02   3.1470363e-01
   8.1738540e-02   3.7510657e-02   3.1377844e-01
   8.2209057e-02  -2.3391724e-02   3.1276932e-01
   8.2679576e-02   4.0633418e-02   3.1197591e-01
   8.3150095e-02  -3.5942199e-02   3.1120373e-01
   8.3620610e-02   1.9620957e-02   3.1099550e-01
   8.4091127e-02   3.7684287e-02   3.1036383e-01
   8.4561646e-02   5.7347205e-02   3.0959494e-01
   8.5032165e-02  -2.6768223e-02   3.0859722e-01
   8.5502684e-02   4.7898815e-02   3.0823453e-01
   8.5973200e-02  -1.2548139e-02   3.0744664e-01
   8.6443716e-02  -9.0542085e-02   3.0646334e-01
   8.6914235e-02   6.4486842e-02   3.0624554e-01
   8.7384754e-02   9.4854908e-02   3.0579657e-01
   8.7855273e-02   2.8881197e-02   3.0499194e-01
   8.8325787e-02  -4.7017989e-02   3.0407898e-01
   8.8796306e-02   1.3884882e-02   3.0357243e-01
   8.9266825e-02   7.8936793e-02   3.0319435e-01
   8.9737344e-02   1.3830936e-01   3.0282479e-01
   9.0207857e-02   1.4420418e-02   3.0185259e-01
   9.0678376e-02  -9.1120074e-02   3.0077571e-01
   9.1148895e-02   4.1732788e-02   3.0064110e-01
   9.1619414e-02   6.5750859e-02   3.0015212e-01
   9.2089933e-02  -1.5348618e-03   2.9931918e-01
   9.2560446e-02  -1.2511839e-02   2.9858110e-01
   9.3030965e-02   1.2421270e-02   2.9808740e-01
   9.3501484e-02   4.8301327e-02   2.9756897e-01
   9.3972003e-02   8.1777268e-03   2.9703368e-01
   9.4442520e-02   2.4066926e-02   2.9633946e-01
   9.4913036e-02   5.0880432e-02   2.9574688e-01
   9.5383555e-02   1.0577159e-01   2.9541754e-01
   9.5854074e-02   5.7693605e-02   2.9481095e-01
   9.6324590e-02   1.8491437e-02   2.9409243e-01
   9.6795106e-02   2.3389754e-02   2.9347911e-01
   9.7265625e-02   2.9299827e-02   2.9295942e-01
   9.7736144e-02   2.3763227e-02   2.9234309e-01
   9.8206663e-02  -1.8520846e-02   2.9156910e-01
   9.8677180e-02   6.6867583e-02   2.9127570e-01
   9.9147695e-02   8.6679644e-02   2.9083692e-01
   1.0000000e-01   3.6664164e-02   2.8966438e-01
   1.0089628e-01   4.0467662e-02   2.8846533e-01
   1.0180059e-01   1.7663649e-02   2.8746951e-01
   1.0271300e-01   4.2808410e-02   2.8632419e-01
   1.0363359e-01  -2.2754299e-02   2.8519827e-01
   1.0456244e-01  -4.7792497e-02   2.8387346e-01
   1.0549960e-01   5.3753995e-03   2.8353474e-01
   1.0644517e-01  -1.5257189e-02   2.8189398e-01
   1.0739921e-01  -6.0953694e-02   2.8092676e-01
   1.0836181e-01   6.5329668e-04   2.8008184e-01
   1.0933303e-01   3.8404035e-02   2.7925163e-01
   1.1031295e-01  -2.5537675e-02   2.7786649e-01
   1.1130166e-01  -8.5883611e-03   2.7712357e-01
   1.1229923e-01  -7.3815745e-02   2.7586646e-01
   1.1330574e-01  -1.0533855e-02   2.7509293e-01
   1.1432128e-01   4.1926477e-02   2.7435990e-01
   1.1534591e-01   4.0120524e-02   2.7344851e-01
   1.1637973e-01   4.9992223e-02   2.7223328e-01
   1.1742281e-01  -7.7521785e-02   2.7076816e-01
   1.1847525e-01  -6.8114619e-02   2.6975111e-01
   1.1953711e-01  -4.5875672e-02   2.6902602e-01
   1.2060849e-01  -4.2930971e-02   2.7830254e-01
   1.2168948e-01  -3.8198163e-02   2.8801341e-01
   1.2278015e-01  -7.1823363e-03   2.9451047e-01
   1.2388060e-01  -1.6705421e-02   3.0251087e-01
   1.2499092e-01   7.3285257e-02   3.0760357e-01
   1.2611118e-01   1.1990946e-02   3.0973203e-01
   1.2724148e-01   6.8750696e-03   2.9681820e-01
   1.2838192e-01  -4.6955231e-02   2.8545074e-01
   1.2953257e-01   5.4711003e-02   2.7687223e-01
   1.3069354e-01  -3.3356574e-02   2.7213369e-01
   1.3186492e-01  -1.8958799e-02   2.6755980e-01
   1.3304679e-01   1.0923939e-02   2.6630701e-01
   1.3423926e-01  -2.6666704e-02   2.6427859e-01
   1.3544241e-01  -1.2706387e-02   2.6322679e-01
   1.3665635e-01   2.8301362e-02   2.6170718e-01
   1.3788117e-01   3.8388652e-02   2.6060454e-01
   1.3911697e-01   6.7071011e-03   2.5913560e-01
   1.4036384e-01   3.8049267e-02   2.5766369e-01
   1.4162189e-01  -5.0755655e-02   2.5655794e-01
   1.4289121e-01   7.7289459e-03   2.5536327e-01
   1.4417191e-01  -5.0788387e-02   2.5390819e-01
   1.4546409e-01  -3.0994169e-02   2.5309770e-01
   1.4676785e-01   9.7140654e-03   2.5191084e-01
   1.4808329e-01   6.4777745e-02   2.5082881e-01
   1.4941053e-01  -2.0747031e-02   2.4963646e-01
   1.5074966e-01  -7.1090452e-02   2.6348718e-01
   1.5210079e-01   2.6853747e-02   2.7340890e-01
   1.5346404e-01  -3.4944473e-02   2.6523096e-01
   1.5483950e-01  -6.2908045e-03   2.5614284e-01
   1.5622729e-01  -3.8236679e-02   2.4858383e-01
   1.5762752e-01  -3.0207849e-02   2.4440049e-01
   1.5904029e-01   2.5319868e-02   2.4474002e-01
   1.6046573e-01  -3.5811392e-03   2.4439937e-01
   1.6190395e-01   2.1005691e-02   2.4319280e-01
   1.6335506e-01  -2.8493819e-02   2.4184856e-01
   1.6481917e-01  -1.5511790e-02   2.4034170e-01
   1.6629640e-01  -5.5852704e-02   2.3907908e-01
   1.6778688e-01   3.1605997e-02   2.3816362e-01
   1.6929071e-01   3.5279673e-02   2.3715522e-01
   1.7080803e-01  -2.5649533e-02   2.3596302e-01
   1.7233894e-01  -3.5925467e-02   2.3451332e-01
   1.7388357e-01   2.5533615e-02   2.3371234e-01
   1.7544205e-01  -2.1744513e-02   2.3259262e-01
   1.7701449e-01  -3.5104937e-02   2.3160392e-01
   1.7860103e-01  -1.1921299e-02   2.3046365e-01
   1.8020179e-01   8.2621413e-03   2.2953949e-01
   1.8181690e-01  -2.5072774e-02   2.2821097e-01
   1.8344648e-01  -2.5797198e-03   2.2732621e-01
   1.8509066e-01  -1.8400746e-02   2.2620354e-01
   1.8674959e-01   3.2621077e-02   2.2547640e-01
   1.8842338e-01  -2.3967251e-02   2.2415342e-01
   1.9011217e-01   3.1014104e-02   2.2341590e-01
   1.9181610e-01  -1.2783296e-02   2.2214104e-01
   1.9353531e-01   1.2029955e-02   2.2022247e-01
   1.9526992e-01  -1.0320085e-01   2.1857243e-01
   1.9702008e-01   5.0911934e-02   2.1826824e-01
   1.9878592e-01  -3.6467890e-02   2.1808183e-01
   2.0056759e-01  -3.9454922e-02   2.1793710e-01
   2.0236523e-01   2.9130751e-02   2.3105136e-01
   2.0417898e-01  -2.2155885e-02   2.3896412e-01
   2.0600899e-01  -1.5991949e-02   2.4159274e-01
   2.0785540e-01  -1.4635763e-02   2.3426555e-01
   2.0971836e-01  -5.0316103e-02   2.2249963e-01
   2.1159801e-01   2.9075130e-02   2.1877228e-01
   2.1349451e-01   3.4993080e-02   2.1686774e-01
   2.1540802e-01   3.3608714e-02   2.1530539e-01
   2.1733867e-01   2.9613125e-03   2.1376523e-01
   2.1928662e-01   4.6882634e-03   2.1247274e-01
   2.2125203e-01  -1.2464217e-02   2.1085229e-01
   2.2323506e-01   5.6217568e-03   2.0980102e-01
   2.2523587e-01   1.1948001e-02   2.0868645e-01
   2.2725460e-01  -7.7878884e-03   2.0753799e-01
   2.2929143e-01  -1.9741057e-02   2.0620612e-01
   2.3134652e-01  -5.7784049e-02   2.0509265e-01
   2.3342002e-01  -1.7855367e-02   2.0420162e-01
   2.3551211e-01  -1.7693058e-02   2.0302916e-01
   2.3762295e-01   2.5851958e-02   2.0224444e-01
   2.3975270e-01   1.5325362e-02   2.0104255e-01
   2.4190155e-01  -4.9621458e-02   2.0003325e-01
   2.4406966e-01   4.3499239e-02   1.9908085e-01
   2.4625719e-01  -4.5086645e-02   1.9780187e-01
   2.4846434e-01  -2.8456781e-02   1.9699915e-01
   2.5069127e-01  -1.4534489e-02   1.9597214e-01
   2.5293815e-01  -2.1293025e-02   1.9422593e-01
   2.5520518e-01  -8.9411586e-04   1.9326524e-01
   2.5749252e-01   2.9558489e-02   1.9308174e-01
   2.5980036e-01   4.6370720e-03   1.9228804e-01
   2.6212889e-01  -4.5994420e-02   1.9118171e-01
   2.6447829e-01   6.9775119e-02   1.9052827e-01
   2.6684875e-01  -2.3876313e-02   1.8939627e-01
   2.6924045e-01   3.8302390e-02   1.8842399e-01
   2.7165359e-01   1.5652441e-02   1.8747424e-01
   2.7408835e-01  -1.7876040e-02   1.8651508e-01
   2.7654494e-01  -1.7054034e-02   1.8567616e-01
   2.7902355e-01   1.3737832e-03   1.8486258e-01
   2.8152437e-01  -1.1393639e-02   1.8930792e-01
   2.8404761e-01  -1.8116982e-02   1.9853369e-01
   2.8659346e-01   1.7803685e-02   2.0113798e-01
   2.8916213e-01  -3.0837398e-02   1.9021390e-01
   2.9175382e-01   2.4095967e-02   1.8630257e-01
   2.9436874e-01   8.4426632e-03   1.8422925e-01
   2.9700709e-01  -2.9955341e-02   1.8255778e-01
   2.9966910e-01   1.1132886e-02   1.8151169e-01
   3.0235496e-01   7.4153777e-02   1.8041802e-01
   3.0506490e-01  -6.0208721e-02   1.7889376e-01
   3.0779912e-01  -2.6979750e-03   1.7813394e-01
   3.1055785e-01  -1.3441271e-02   1.7704361e-01
   3.1334131e-01   9.3992911e-03   1.7604990e-01
   3.1614971e-01   4.6699894e-02   1.7521173e-01
   3.1898329e-01  -3.7116019e-02   1.7388793e-01
   3.2184226e-01   2.9153148e-02   1.7271654e-01
   3.2472685e-01  -1.3001473e-02   1.7175289e-01
   3.2763730e-01  -5.1318138e-02   1.7110700e-01
   3.3057384e-01  -2.5724595e-02   1.7027481e-01
   3.3353669e-01  -2.1535196e-02   1.6945926e-01
   3.3652610e-01  -5.3196573e-03   1.6853998e-01
   3.3954230e-01  -3.9442739e-02   1.7934824e-01
   3.4258554e-01  -1.9097359e-02   1.8097697e-01
   3.4565605e-01  -4.6630366e-03   1.8316255e-01
   3.4875409e-01  -4.9409435e-02   1.8450284e-01
   3.5187989e-01  -6.7424154e-03   1.8588265e-01
   3.5503370e-01  -5.4828277e-03   1.8700255e-01
   3.5821578e-01  -3.0016868e-02   1.8778123e-01
   3.6142639e-01  -2.9803860e-02   1.8751017e-01
   3.6466577e-01  -3.1859982e-02   2.0762982e-01
   3.6793418e-01  -3.2936466e-02   2.1503621e-01
   3.7123189e-01   4.2158436e-02   2.2178157e-01
   3.7455915e-01  -1.7074832e-02   2.2760307e-01
   3.7791623e-01  -1.4495234e-02   2.3354184e-01
   3.8130341e-01  -3.5238205e-02   2.4010386e-01
   3.8472094e-01   2.1611613e-02   2.4629069e-01
   3.8816910e-01   3.5143207e-02   2.5211674e-01
   3.9164817e-01  -4.7475507e-02   2.5807060e-01
   3.9515842e-01   5.5346213e-02   2.6028209e-01
   3.9870013e-01  -9.7897441e-03   2.6574325e-01
   4.0227358e-01   1.1503773e-02   2.7206277e-01
   4.0587906e-01  -4.3577502e-02   2.7926881e-01
   4.0951686e-01  -3.7438423e-02   2.8709587e-01
   4.1318726e-01   6.1101728e-02   2.9469653e-01
   4.1689056e-01   2.0027285e-02   3.0329106e-01
   4.2062705e-01   1.7418031e-02   3.1244513e-01
   4.2439703e-01  -3.5905530e-02   3.2225450e-01
   4.2820080e-01   2.6702865e-03   3.3325776e-01
   4.3203866e-01  -1.9944590e-02   3.4503662e-01
   4.3591092e-01  -4.1009350e-02   3.5919414e-01
   4.3981789e-01  -6.8993104e-03   3.7072891e-01
   4.4375987e-01  -2.8169448e-02   3.7373799e-01
   4.4773719e-01   2.7990034e-03   3.9179028e-01
   4.5175015e-01   2.3095529e-02   4.0988555e-01
   4.5579908e-01  -1.1340689e-01   4.3230962e-01
   4.5988430e-01  -7.0726948e-03   4.6029016e-01
   4.6400613e-01   1.3895847e-01   4.9016619e-01
   4.6816491e-01  -4.0078931e-02   5.2870162e-01
   4.7236096e-01  -3.5212980e-02   5.7862307e-01
   4.7659462e-01  -8.3370695e-02   6.4537786e-01
   4.8086622e-01   9.6500515e-02   7.4450010e-01
   4.8517611e-01  -1.8231497e-01   8.9889520e-01
   4.8952463e-01   9.3033049e-03   1.3006577e+00
   4.9391212e-01   5.7295382e-01   4.8037502e+00
