   1.0000000e-05   4.2771375e+02
   1.1233240e-05   4.2771350e+02
   1.2618569e-05   4.2771309e+02
   1.4174742e-05   4.2771248e+02
   1.5922828e-05   4.2771161e+02
   1.7886495e-05   4.2771039e+02
   2.0092330e-05   4.2770872e+02
   2.2570197e-05   4.2770646e+02
   2.5353645e-05   4.2770345e+02
   2.8480359e-05   4.2769945e+02
   3.1992671e-05   4.2769420e+02
   3.5938137e-05   4.2768734e+02
   4.0370173e-05   4.2767841e+02
   4.5348785e-05   4.2766685e+02
   5.0941380e-05   4.2765192e+02
   5.7223677e-05   4.2763271e+02
   6.4280731e-05   4.2760804e+02
   7.2208090e-05   4.2757644e+02
   8.1113083e-05   4.2753604e+02
   9.1116276e-05   4.2748446e+02
   1.0235310e-04   4.2741872e+02
   1.1497570e-04   4.2733503e+02
   1.2915497e-04   4.2722861e+02
   1.4508288e-04   4.2709343e+02
   1.6297508e-04   4.2692188e+02
   1.8307383e-04   4.2670437e+02
   2.0565123e-04   4.2642881e+02
   2.3101297e-04   4.2607999e+02
   2.5950242e-04   4.2563881e+02
   2.9150531e-04   4.2508128e+02
   3.2745492e-04   4.2437732e+02
   3.6783798e-04   4.2348938e+02
   4.1320124e-04   4.2237059e+02
   4.6415888e-04   4.2096277e+02
   5.2140083e-04   4.1919391e+02
   5.8570208e-04   4.1697548e+02
   6.5793322e-04   4.1419931e+02
   7.3907220e-04   4.1073453e+02
   8.3021757e-04   4.0642457e+02
   9.3260335e-04   4.0108502e+02
   1.0476158e-03   3.9450296e+02
   1.1768120e-03   3.8643907e+02
   1.3219411e-03   3.7663410e+02
   1.4849683e-03   3.6482164e+02
   1.6681005e-03   3.5074917e+02
   1.8738174e-03   3.3420889e+02
   2.1049041e-03   3.1507822e+02
   2.3644894e-03   2.9336681e+02
   2.6560878e-03   2.6926293e+02
   2.9836472e-03   2.4316735e+02
   3.3516027e-03   2.1570049e+02
   3.7649358e-03   1.8767027e+02
   4.2292429e-03   1.5999702e+02
   4.7508102e-03   1.3360528e+02
   5.3366992e-03   1.1026326e+02
   5.9948425e-03   8.9474335e+01
   6.7341507e-03   7.0470068e+01
   7.5646333e-03   5.4424635e+01
   8.4975344e-03   4.1218341e+01
   9.5454846e-03   3.0761914e+01
   1.0722672e-02   2.2682128e+01
   1.2045035e-02   1.6651784e+01
   1.3530478e-02   1.2159169e+01
   1.5199111e-02   8.8802817e+00
   1.7073526e-02   6.5033661e+00
   1.9179103e-02   4.7725689e+00
   2.1544347e-02   3.5383722e+00
   2.4201283e-02   2.6368679e+00
   2.7185882e-02   1.9735746e+00
   3.0538555e-02   1.4755816e+00
   3.4304693e-02   1.1028719e+00
   3.8535286e-02   8.0860183e-01
   4.3287613e-02   5.8524999e-01
   4.8626016e-02   4.2749464e-01
   5.4622772e-02   3.1762552e-01
   6.1359073e-02   2.4580408e-01
   6.8926121e-02   1.9721607e-01
   7.7426368e-02   1.5651869e-01
   8.6974900e-02   1.1711017e-01
   9.7700996e-02   8.1306252e-02
   1.0974988e-01   5.3148640e-02
   1.2328467e-01   3.5309388e-02
   1.3848864e-01   2.5292317e-02
   1.5556761e-01   1.9302136e-02
   1.7475284e-01   1.3066927e-02
   1.9630407e-01   8.3421060e-03
   2.2051307e-01   4.8619738e-03
   2.4770764e-01   3.3657894e-03
   2.7825594e-01   2.2269978e-03
   3.1257158e-01   1.7074915e-03
   3.5111917e-01   1.6381889e-03
   3.9442061e-01   1.4473209e-03
   4.4306215e-01   1.8425255e-03
   4.9770236e-01  -4.2294493e-02
   5.5908102e-01  -7.2963082e-01
   6.2802914e-01  -1.5016686e+00
   7.0548023e-01  -2.3688770e+00
   7.9248290e-01  -3.3430086e+00
   8.9021509e-01  -4.4372604e+00
   1.0000000e+00  -5.6664532e+00
